#include "bayes_har_config.h"
float MEANS[NUM_CLASSES][NUM_FEATURES] = {{ 4.54128467e-01, 8.62727869e+00, 8.48041095e-01, 4.13930911e+01,
   7.67057772e+01, 4.48534842e+01, 1.73291045e+01, 2.28826760e+01,
   1.51470525e+01, 6.36265668e+01},
 {-5.83666735e-01, 4.85648883e+00,-1.68341992e-01, 3.70764488e+01,
   5.31989827e+01, 3.52193280e+01, 4.66262577e+01, 5.13814104e+01,
   3.11073602e+01, 1.11549699e+02},
 { 1.15075539e+00, 2.16057757e+00, 6.86498398e+00, 4.02647059e+01,
   5.56372549e+01, 7.75166667e+01, 9.80306044e-01, 9.11428145e-01,
   6.76804509e-01, 2.21077992e+00},
 {-2.26107229e+00, 8.90624549e+00, 5.62818227e-01, 1.38034826e+01,
   7.99975124e+01, 4.86256219e+01, 1.41858240e+00, 8.12207637e-01,
   1.69176616e+00, 3.87413797e+00},
 { 4.39915313e-01, 8.08078927e+00, 3.84195835e-01, 4.21781903e+01,
   7.53104408e+01, 4.00078886e+01, 1.67213651e+01, 2.23660194e+01,
   1.47756840e+01, 5.76852287e+01},
 { 1.49861746e+00, 8.77353547e+00, 1.03282202e-01, 4.66560079e+01,
   7.82640512e+01, 3.49037019e+01, 2.26251166e+01, 2.48091279e+01,
   2.02289003e+01, 6.39466444e+01}};
const float CLASS_PRIORS[NUM_CLASSES] = {0.08280318,0.31996844,0.0503033 ,0.03965084,0.10627805,0.4009962 };
const float INV_COVS[NUM_CLASSES][NUM_FEATURES][NUM_FEATURES] = {{{ 6.67693289e-01, 2.94860563e-01, 1.52868235e-01,-9.77798696e-02,
   -9.09215759e-02, 6.42673787e-03, 2.51678440e-02,-2.01628717e-02,
   -2.25868383e-02,-7.67183046e-03},
  { 2.94860563e-01, 1.65129511e+00, 3.03341210e-01,-3.12050174e-02,
   -4.04337691e-01, 2.93539333e-03, 6.96389984e-02,-4.79670245e-02,
   -9.58453394e-02, 7.07207877e-03},
  { 1.52868235e-01, 3.03341210e-01, 3.67137696e+00,-1.49868238e-02,
   -8.60227019e-02,-2.60943203e-01, 1.08130877e-01,-7.55024210e-02,
   -3.05541377e-02,-3.94933889e-02},
  {-9.77798696e-02,-3.12050174e-02,-1.49868238e-02, 1.66430073e-02,
    1.12780158e-02,-1.59329845e-03,-5.00899125e-03, 2.60812767e-03,
    8.10164278e-04, 2.07171602e-03},
  {-9.09215759e-02,-4.04337691e-01,-8.60227019e-02, 1.12780158e-02,
    1.10933668e-01,-2.33176268e-04,-1.68092307e-02, 1.79864786e-02,
    1.97827801e-02,-8.39169458e-04},
  { 6.42673787e-03, 2.93539333e-03,-2.60943203e-01,-1.59329845e-03,
   -2.33176268e-04, 2.25921558e-02,-2.71473773e-03, 8.71752420e-04,
   -2.24625667e-03, 3.56414258e-03},
  { 2.51678440e-02, 6.96389984e-02, 1.08130877e-01,-5.00899125e-03,
   -1.68092307e-02,-2.71473773e-03, 5.84328220e-02,-1.55529871e-03,
    1.31801397e-02,-2.01187784e-02},
  {-2.01628717e-02,-4.79670245e-02,-7.55024210e-02, 2.60812767e-03,
    1.79864786e-02, 8.71752420e-04,-1.55529871e-03, 4.93879881e-02,
    9.07621180e-03,-9.06779559e-03},
  {-2.25868383e-02,-9.58453394e-02,-3.05541377e-02, 8.10164278e-04,
    1.97827801e-02,-2.24625667e-03, 1.31801397e-02, 9.07621180e-03,
    1.15158536e-01,-3.29305115e-02},
  {-7.67183046e-03, 7.07207877e-03,-3.94933889e-02, 2.07171602e-03,
   -8.39169458e-04, 3.56414258e-03,-2.01187784e-02,-9.06779559e-03,
   -3.29305115e-02, 1.89709149e-02}},

 {{ 3.33392485e-01, 2.14558676e-02,-2.52549046e-01,-9.37811703e-02,
   -4.59342546e-03, 4.66474475e-02, 9.90185907e-03,-1.39844047e-04,
    6.05146993e-03,-9.87426043e-03},
  { 2.14558676e-02, 4.87888516e-01,-3.10516114e-01,-9.77430478e-03,
   -1.47322538e-01, 4.39285497e-02, 1.06064355e-02,-1.46469436e-02,
    2.08112828e-02,-2.25406732e-02},
  {-2.52549046e-01,-3.10516114e-01, 2.43931747e+00, 5.94773759e-02,
    1.01323332e-01,-2.80767407e-01, 2.39380980e-03, 1.71401308e-02,
    3.79819275e-02, 1.96490819e-02},
  {-9.37811703e-02,-9.77430478e-03, 5.94773759e-02, 3.06956109e-02,
    1.79856836e-03,-1.31333011e-02,-2.47140808e-03,-1.14369098e-04,
   -1.07989247e-03, 2.44199718e-03},
  {-4.59342546e-03,-1.47322538e-01, 1.01323332e-01, 1.79856836e-03,
    5.10645247e-02,-1.20360791e-02,-8.79928875e-04, 4.35434364e-03,
   -8.09668865e-03, 7.43060475e-03},
  { 4.66474475e-02, 4.39285497e-02,-2.80767407e-01,-1.31333011e-02,
   -1.20360791e-02, 4.52548366e-02, 1.77366563e-03,-2.43609004e-03,
   -6.05335499e-03,-1.76065598e-03},
  { 9.90185907e-03, 1.06064355e-02, 2.39380980e-03,-2.47140808e-03,
   -8.79928875e-04, 1.77366563e-03, 5.79928622e-03, 1.95829701e-04,
    7.69945395e-04,-1.97843552e-03},
  {-1.39844047e-04,-1.46469436e-02, 1.71401308e-02,-1.14369098e-04,
    4.35434364e-03,-2.43609004e-03, 1.95829701e-04, 7.29469759e-03,
   -7.81047617e-04, 7.62903752e-06},
  { 6.05146993e-03, 2.08112828e-02, 3.79819275e-02,-1.07989247e-03,
   -8.09668865e-03,-6.05335499e-03, 7.69945395e-04,-7.81047617e-04,
    1.45478851e-02,-4.14216352e-03},
  {-9.87426043e-03,-2.25406732e-02, 1.96490819e-02, 2.44199718e-03,
    7.43060475e-03,-1.76065598e-03,-1.97843552e-03, 7.62903752e-06,
   -4.14216352e-03, 5.26398981e-03}},

 {{ 2.15674836e-01, 3.52167553e-02, 6.04960448e-02,-1.93243763e-02,
   -9.04276972e-04,-2.41007780e-02,-8.86390881e-03, 2.19718251e-02,
   -2.24771864e-02, 3.34506775e-03},
  { 3.52167553e-02, 5.82795735e-01, 2.91653972e-01, 3.84223268e-03,
   -4.90647238e-02,-4.61769084e-02,-1.94308802e-01, 1.78636566e-01,
   -1.66242743e-01, 3.93768337e-02},
  { 6.04960448e-02, 2.91653972e-01, 4.09424582e-01, 5.80272416e-03,
   -3.03420652e-02,-7.17010619e-02,-6.79123476e-02,-2.68091856e-02,
   -2.65426986e-02, 5.96273403e-02},
  {-1.93243763e-02, 3.84223268e-03, 5.80272416e-03, 2.80894706e-03,
   -7.40208938e-04,-7.17226687e-05, 2.50078196e-03, 2.64859714e-03,
   -5.82916226e-03, 2.49869512e-03},
  {-9.04276972e-04,-4.90647238e-02,-3.03420652e-02,-7.40208938e-04,
    5.15468602e-03, 4.16617854e-03, 1.01307768e-02,-1.54815359e-02,
    1.53486336e-02,-3.39673576e-03},
  {-2.41007780e-02,-4.61769084e-02,-7.17010619e-02,-7.17226687e-05,
    4.16617854e-03, 1.96436777e-02, 1.73190534e-02, 3.18945407e-04,
    1.28227790e-02,-1.21009793e-02},
  {-8.86390881e-03,-1.94308802e-01,-6.79123476e-02, 2.50078196e-03,
    1.01307768e-02, 1.73190534e-02, 2.44589800e+00,-1.25059769e+00,
    1.06725265e+00,-8.31570521e-01},
  { 2.19718251e-02, 1.78636566e-01,-2.68091856e-02, 2.64859714e-03,
   -1.54815359e-02, 3.18945407e-04,-1.25059769e+00, 1.99870119e+00,
   -1.21377753e+00, 1.95835167e-01},
  {-2.24771864e-02,-1.66242743e-01,-2.65426986e-02,-5.82916226e-03,
    1.53486336e-02, 1.28227790e-02, 1.06725265e+00,-1.21377753e+00,
    2.35345732e+00,-9.96349490e-01},
  { 3.34506775e-03, 3.93768337e-02, 5.96273403e-02, 2.49869512e-03,
   -3.39673576e-03,-1.21009793e-02,-8.31570521e-01, 1.95835167e-01,
   -9.96349490e-01, 7.59022551e-01}},

 {{ 1.52720743e+00,-2.76321924e+00,-3.33427463e-01,-4.86854156e-02,
    4.44219214e+00, 5.33801270e-03,-2.07337567e-03,-5.72850687e-01,
   -1.44062243e-02, 1.64746160e-01},
  {-2.76321924e+00, 6.51755536e+00, 2.52050307e-01, 7.17926547e-02,
    3.79397999e+00,-6.64130029e-03,-6.33283842e-01, 3.84293166e+00,
    1.21216407e-01,-6.04620324e-01},
  {-3.33427463e-01, 2.52050307e-01, 2.87935981e+00, 3.91749076e-02,
   -2.54416400e+00,-8.33389896e-02,-1.59433082e-01,-3.74889163e-01,
   -1.96048144e-02, 9.34354177e-02},
  {-4.86854156e-02, 7.17926547e-02, 3.91749076e-02, 3.19476550e-03,
   -1.29542156e-01,-9.99022024e-04,-3.87805749e-03,-1.58903139e-03,
    2.30466196e-03,-1.38896612e-03},
  { 4.44219214e+00, 3.79397999e+00,-2.54416400e+00,-1.29542156e-01,
    6.99648996e+02, 1.31890231e-01,-1.19058014e+01, 5.12300600e+01,
   -3.27725985e+00,-2.46296059e+00},
  { 5.33801270e-03,-6.64130029e-03,-8.33389896e-02,-9.99022024e-04,
    1.31890231e-01, 3.29185076e-03,-2.00729265e-03, 1.50234550e-02,
   -2.11879159e-03, 8.04525008e-04},
  {-2.07337567e-03,-6.33283842e-01,-1.59433082e-01,-3.87805749e-03,
   -1.19058014e+01,-2.00729265e-03, 3.37751998e+00,-8.90749281e-01,
   -2.74265642e-01,-9.16792428e-01},
  {-5.72850687e-01, 3.84293166e+00,-3.74889163e-01,-1.58903139e-03,
    5.12300600e+01, 1.50234550e-02,-8.90749281e-01, 1.38436154e+01,
    2.44824337e-01,-2.55741087e+00},
  {-1.44062243e-02, 1.21216407e-01,-1.96048144e-02, 2.30466196e-03,
   -3.27725985e+00,-2.11879159e-03,-2.74265642e-01, 2.44824337e-01,
    8.54118759e-01,-3.84055045e-01},
  { 1.64746160e-01,-6.04620324e-01, 9.34354177e-02,-1.38896612e-03,
   -2.46296059e+00, 8.04525008e-04,-9.16792428e-01,-2.55741087e+00,
   -3.84055045e-01, 1.14821623e+00}},

 {{ 4.00931417e-01, 1.63930799e-01,-1.27591205e-01,-5.63273868e-02,
   -5.49204178e-02, 1.45182154e-02, 2.26897704e-02,-1.19173354e-03,
   -1.53341268e-02,-2.15403386e-03},
  { 1.63930799e-01, 9.13392356e-01, 3.48520003e-01,-1.30585195e-02,
   -2.21688427e-01,-1.98196886e-02, 5.22538147e-02,-8.98372593e-02,
   -1.57237363e-03,-6.51052180e-03},
  {-1.27591205e-01, 3.48520003e-01, 4.67198798e+00,-5.26537739e-03,
   -3.02809795e-02,-3.45325040e-01, 2.51211889e-02,-1.24628774e-01,
   -1.06952650e-01, 1.01028912e-02},
  {-5.63273868e-02,-1.30585195e-02,-5.26537739e-03, 9.89683238e-03,
    4.06274920e-03,-3.05945598e-04,-2.56811749e-03, 6.67274601e-04,
    5.73521329e-03,-7.92384840e-04},
  {-5.49204178e-02,-2.21688427e-01,-3.02809795e-02, 4.06274920e-03,
    8.07445758e-02, 1.59915520e-03,-1.79440081e-03, 2.31273461e-02,
   -4.92183897e-03, 4.78124179e-03},
  { 1.45182154e-02,-1.98196886e-02,-3.45325040e-01,-3.05945598e-04,
    1.59915520e-03, 2.85413919e-02, 9.30957709e-04, 6.86794220e-03,
    1.64116092e-03,-1.53380724e-05},
  { 2.26897704e-02, 5.22538147e-02, 2.51211889e-02,-2.56811749e-03,
   -1.79440081e-03, 9.30957709e-04, 3.48612863e-02, 2.21969708e-03,
   -2.79918642e-03,-1.23399860e-02},
  {-1.19173354e-03,-8.98372593e-02,-1.24628774e-01, 6.67274601e-04,
    2.31273461e-02, 6.86794220e-03, 2.21969708e-03, 3.92025968e-02,
    2.77077478e-03,-1.12055547e-02},
  {-1.53341268e-02,-1.57237363e-03,-1.06952650e-01, 5.73521329e-03,
   -4.92183897e-03, 1.64116092e-03,-2.79918642e-03, 2.77077478e-03,
    9.13521800e-02,-1.28382996e-02},
  {-2.15403386e-03,-6.51052180e-03, 1.01028912e-02,-7.92384840e-04,
    4.78124179e-03,-1.53380724e-05,-1.23399860e-02,-1.12055547e-02,
   -1.28382996e-02, 1.42134379e-02}},

 {{ 8.49418045e-01, 5.11888833e-01,-1.55650846e-01,-1.23283907e-01,
   -1.90280571e-01, 3.43132977e-02,-1.21874836e-02,-2.41037366e-02,
    1.13568014e-02,-2.58766192e-02},
  { 5.11888833e-01, 1.12175978e+00, 4.15254622e-01,-6.46980574e-02,
   -3.42508821e-01,-2.09215701e-02, 4.01602399e-02,-9.98012590e-02,
    3.42050680e-03,-4.93410701e-02},
  {-1.55650846e-01, 4.15254622e-01, 4.35188449e+00, 1.90410095e-02,
   -5.93950998e-02,-2.79588418e-01, 6.03343887e-02,-2.22026756e-02,
    3.09120823e-03,-2.22751318e-02},
  {-1.23283907e-01,-6.46980574e-02, 1.90410095e-02, 2.03038702e-02,
    2.36346203e-02,-5.13553854e-03, 1.03217501e-03, 6.65684584e-03,
   -1.12282233e-04, 3.30784432e-03},
  {-1.90280571e-01,-3.42508821e-01,-5.93950998e-02, 2.36346203e-02,
    1.50262596e-01, 1.70958770e-03,-8.71060364e-03, 2.63798446e-02,
    3.22745353e-03, 1.77035137e-02},
  { 3.43132977e-02,-2.09215701e-02,-2.79588418e-01,-5.13553854e-03,
    1.70958770e-03, 2.62852848e-02,-2.14362078e-03,-2.39792469e-04,
   -2.27175988e-03, 4.95588247e-03},
  {-1.21874836e-02, 4.01602399e-02, 6.03343887e-02, 1.03217501e-03,
   -8.71060364e-03,-2.14362078e-03, 3.05096209e-02,-3.65862927e-03,
    1.10546409e-02,-1.32565283e-02},
  {-2.41037366e-02,-9.98012590e-02,-2.22026756e-02, 6.65684584e-03,
    2.63798446e-02,-2.39792469e-04,-3.65862927e-03, 6.04683148e-02,
    6.74551992e-04,-4.52572687e-03},
  { 1.13568014e-02, 3.42050680e-03, 3.09120823e-03,-1.12282233e-04,
    3.22745353e-03,-2.27175988e-03, 1.10546409e-02, 6.74551992e-04,
    5.08024937e-02,-1.42885227e-02},
  {-2.58766192e-02,-4.93410701e-02,-2.22751318e-02, 3.30784432e-03,
    1.77035137e-02, 4.95588247e-03,-1.32565283e-02,-4.52572687e-03,
   -1.42885227e-02, 1.85640829e-02}}};
const float DETS[NUM_CLASSES] = {5.68137130e+12,1.19219336e+16,2.99312116e+10,2.05710132e+02,
 5.10977915e+13,1.99716386e+12};
